È«±æµ¿0,97,65,83
È«±æµ¿1,91,41,46
È«±æµ¿2,93,40,30
È«±æµ¿3,76,50,52
È«±æµ¿4,78,17,95
È«±æµ¿5,36,61,28
È«±æµ¿6,75,43,54
È«±æµ¿7,82,79,40
È«±æµ¿8,90,6,5
È«±æµ¿9,95,93,83
È«±æµ¿10,97,93,16
È«±æµ¿11,27,46,48
È«±æµ¿12,23,57,30
È«±æµ¿13,29,72,67
È«±æµ¿14,28,51,75
È«±æµ¿15,59,56,71
È«±æµ¿16,19,96,19
È«±æµ¿17,1,24,89
È«±æµ¿18,51,70,84
È«±æµ¿19,79,80,44
È«±æµ¿20,90,47,66
È«±æµ¿21,95,23,1
È«±æµ¿22,9,86,19
È«±æµ¿23,41,1,48
È«±æµ¿24,56,46,84
È«±æµ¿25,24,26,58
È«±æµ¿26,21,22,82
È«±æµ¿27,53,55,17
È«±æµ¿28,61,99,43
È«±æµ¿29,67,8,42
È«±æµ¿30,97,18,58
È«±æµ¿31,24,4,24
È«±æµ¿32,58,79,78
È«±æµ¿33,8,51,0
È«±æµ¿34,43,45,73
È«±æµ¿35,58,28,54
È«±æµ¿36,45,28,40
È«±æµ¿37,12,23,37
È«±æµ¿38,2,75,40
È«±æµ¿39,79,67,29
È«±æµ¿40,41,20,80
È«±æµ¿41,6,60,8
È«±æµ¿42,23,91,31
È«±æµ¿43,29,40,49
È«±æµ¿44,70,31,54
È«±æµ¿45,26,45,28
È«±æµ¿46,75,47,79
È«±æµ¿47,73,92,62
È«±æµ¿48,8,5,42
È«±æµ¿49,16,89,91
È«±æµ¿50,92,15,28
È«±æµ¿51,37,91,10
È«±æµ¿52,37,49,55
È«±æµ¿53,32,14,7
È«±æµ¿54,37,60,6
È«±æµ¿55,50,2,95
È«±æµ¿56,75,98,71
È«±æµ¿57,91,82,34
È«±æµ¿58,12,49,27
È«±æµ¿59,95,46,34
È«±æµ¿60,64,57,6
È«±æµ¿61,30,73,90
È«±æµ¿62,62,47,43
È«±æµ¿63,52,86,42
È«±æµ¿64,45,5,31
È«±æµ¿65,54,56,89
È«±æµ¿66,70,76,64
È«±æµ¿67,22,28,41
È«±æµ¿68,5,34,93
È«±æµ¿69,73,97,40
È«±æµ¿70,39,27,25
È«±æµ¿71,35,1,39
È«±æµ¿72,43,39,2
È«±æµ¿73,35,2,88
È«±æµ¿74,81,9,21
È«±æµ¿75,3,43,2
È«±æµ¿76,29,67,72
È«±æµ¿77,64,63,34
È«±æµ¿78,28,52,40
È«±æµ¿79,87,48,9
È«±æµ¿80,79,73,57
È«±æµ¿81,49,95,90
È«±æµ¿82,44,42,16
È«±æµ¿83,51,82,72
È«±æµ¿84,29,56,74
È«±æµ¿85,87,66,21
È«±æµ¿86,93,84,34
È«±æµ¿87,88,97,74
È«±æµ¿88,94,13,63
È«±æµ¿89,63,89,95
È«±æµ¿90,51,9,37
È«±æµ¿91,45,15,21
È«±æµ¿92,66,45,75
È«±æµ¿93,78,21,12
È«±æµ¿94,76,94,79
È«±æµ¿95,89,13,76
È«±æµ¿96,72,14,89
È«±æµ¿97,90,45,95
È«±æµ¿98,12,59,38
È«±æµ¿99,68,62,9
